0	15.34	9.52	10.62	21.53	8.02	10.77	42.33	39.36	19.81	13.43	53.13	57.65	27.74	13.74	44.66	49.71	
1	46.09	16.92	2.53	12.33	27.28	16.90	30.47	23.58	19.81	14.05	52.40	57.44	46.91	15.19	25.62	20.18	
2	78.72	20.00	8.43	17.13	29.44	20.34	41.36	35.06	94.53	20.30	53.72	57.95	24.27	19.05	56.15	53.44	
3	13.18	16.51	4.33	12.41	7.91	16.97	31.98	22.88	15.95	17.97	52.76	57.36	25.11	18.25	69.87	74.61	
4	11.34	23.62	6.92	6.94	8.32	23.62	29.38	22.71	54.20	25.98	46.80	49.29	40.70	22.92	20.06	12.73	
5	10.71	23.19	6.29	6.82	7.21	22.65	31.65	24.02	53.08	24.73	23.65	17.61	37.17	20.87	30.51	30.94	
6	11.68	22.19	5.55	7.64	7.43	22.29	27.91	21.86	42.62	21.09	55.94	52.52	41.82	20.51	34.76	34.34	
7	36.06	25.97	32.99	39.96	36.06	25.31	30.82	22.85	36.40	20.46	47.83	50.37	41.91	23.41	78.79	85.01	
8	35.92	22.75	11.27	13.59	17.61	23.28	27.55	17.91	54.35	23.12	54.43	57.62	55.60	25.96	56.59	52.98	
9	219.87	25.06	44.97	54.41	219.87	24.74	24.33	15.36	66.30	24.17	45.10	40.37	58.95	24.30	49.93	47.13	
10	31.00	20.85	21.69	27.25	31.00	21.22	25.74	15.28	61.83	24.87	40.52	35.33	75.21	25.37	68.79	74.90	
11	34.13	20.38	22.22	26.75	34.13	20.49	26.62	17.16	34.06	19.55	70.22	75.64	117.18	23.45	64.66	70.70	
12	95.14	20.83	29.07	37.87	47.76	20.83	63.72	59.21	118.43	20.60	73.38	78.61	22.32	21.24	59.04	51.17	
13	36.42	19.04	23.93	29.28	16.92	19.80	24.86	14.78	116.22	19.83	73.84	79.74	24.42	23.73	63.49	55.93	
14	91.74	20.43	24.52	33.10	44.23	19.94	60.31	55.31	211.32	20.32	69.47	74.71	59.70	22.09	43.58	37.55	
15	89.30	20.50	23.35	32.58	42.01	21.14	57.89	52.54	36.50	14.16	66.54	71.27	23.51	22.15	62.01	54.46	
16	42.19	9.24	12.92	20.61	22.36	9.77	29.88	19.87	118.68	16.83	77.73	84.57	60.73	17.17	64.36	57.86	
17	221.46	22.02	45.03	54.98	22.02	21.38	62.44	51.87	128.41	21.92	86.74	93.48	71.78	21.72	58.98	55.43	
18	43.68	25.42	32.21	39.02	38.01	25.09	42.62	40.23	128.08	31.43	94.72	102.58	102.12	32.45	99.97	102.32	
19	33.97	35.87	57.78	68.73	33.97	36.30	84.04	84.44	42.44	35.99	88.52	91.39	38.29	34.05	56.33	50.40	
20	117.66	44.23	67.02	77.37	73.51	43.76	41.04	37.16	92.18	46.96	86.63	85.72	92.18	46.28	105.47	104.26	
21	47.45	46.07	54.39	57.91	41.61	46.90	38.49	35.35	69.35	50.54	16.59	10.61	21.88	52.26	13.43	17.99	
22	42.25	50.43	60.52	63.17	42.25	50.84	46.44	40.01	55.51	54.93	25.35	26.45	49.00	55.58	91.50	87.87	
23	41.72	52.70	31.03	19.54	10.51	53.52	27.28	24.89	108.58	61.84	92.50	87.67	104.93	62.10	116.84	122.16	
24	56.25	49.89	30.97	21.97	56.25	49.56	50.52	45.76	57.12	53.57	21.80	21.64	54.10	54.70	26.09	32.88	
25	80.92	52.39	62.75	67.46	75.22	53.14	50.54	45.46	61.74	52.77	17.80	18.79	9.12	54.00	21.32	27.63	
26	38.90	56.94	35.19	23.41	38.90	57.44	29.42	27.00	59.06	55.33	20.86	21.91	32.02	59.49	12.50	18.29	
27	45.64	51.88	29.53	18.59	6.58	51.93	28.28	26.47	31.48	54.10	112.61	115.27	12.39	52.69	8.44	14.51	
28	46.33	52.90	31.56	22.85	8.73	52.57	53.22	48.95	33.74	52.33	17.49	17.78	14.08	52.69	10.53	15.74	
29	46.01	49.15	27.36	15.61	6.08	48.76	27.27	24.81	31.58	49.61	22.43	23.50	12.53	49.69	18.97	24.16	
30	127.88	50.32	73.15	83.25	127.88	50.24	53.25	50.76	56.22	47.54	85.28	81.23	44.55	46.50	22.23	26.36	
31	56.95	40.52	18.78	8.98	9.12	40.61	25.35	22.17	55.51	42.08	80.58	76.23	94.43	44.52	103.65	107.04	
32	67.68	27.23	7.33	8.81	18.20	27.23	27.81	23.50	51.32	33.45	8.84	4.59	30.08	29.79	45.64	41.80	
33	49.68	26.66	7.56	7.71	33.59	26.75	40.77	33.17	46.42	28.82	65.11	60.01	25.80	25.94	65.05	59.21	
34	48.58	22.20	2.30	9.38	31.31	22.70	40.48	31.09	27.51	23.17	54.29	61.12	36.01	21.96	47.38	50.82	
35	50.71	12.03	9.15	18.82	31.48	12.09	42.22	31.55	64.27	11.63	51.53	55.35	50.51	10.38	65.92	72.36	
36	88.62	9.87	15.55	26.29	38.91	10.02	48.49	43.53	211.69	10.52	60.25	66.43	54.28	10.15	57.74	59.80	
37	93.65	8.14	20.69	31.12	44.05	8.03	54.65	50.76	71.43	7.02	63.43	68.32	52.56	10.66	44.09	37.67	
38	45.04	14.31	34.24	43.19	36.70	14.21	57.93	46.94	10.97	10.72	76.79	83.93	15.18	10.86	38.27	31.50	
39	32.56	15.53	23.61	31.55	25.71	15.97	43.48	41.65	16.40	14.76	53.21	58.52	32.70	15.39	48.17	41.47	
40	25.55	28.74	49.48	59.54	25.55	28.42	74.36	70.68	21.02	25.62	89.40	94.47	11.47	22.69	68.14	65.94	
41	114.02	33.51	48.90	59.83	67.08	33.80	84.00	81.12	91.24	25.09	50.41	57.70	83.93	26.76	45.34	51.57	
42	114.59	34.01	47.97	58.24	114.59	34.11	84.42	81.72	138.22	34.26	95.64	101.00	133.36	32.76	97.83	104.99	
43	137.60	40.05	52.52	61.76	137.60	39.55	89.57	88.93	48.11	34.97	96.86	102.11	72.01	35.42	100.76	108.41	
44	117.64	40.45	54.28	64.02	71.89	40.37	89.33	86.94	48.34	32.05	13.07	10.88	35.16	35.09	36.01	40.82	
45	44.60	32.45	42.53	46.72	44.60	32.45	37.14	29.86	3.91	33.40	39.28	43.14	31.78	33.37	40.89	47.97	
46	61.48	33.83	38.37	42.79	12.66	34.70	38.71	36.62	41.55	27.03	17.50	13.76	29.09	30.23	29.57	31.49	
47	57.55	38.71	42.59	46.32	10.11	38.62	39.74	37.28	83.19	34.62	58.84	66.52	42.82	36.51	41.39	47.95	
48	42.32	44.62	54.49	60.94	33.63	44.60	41.61	39.05	41.55	37.65	103.36	108.71	10.90	40.11	35.55	41.89	
49	54.64	40.55	49.03	51.93	54.64	41.51	35.46	29.57	41.49	39.24	19.17	11.95	84.79	43.50	97.16	102.27	
50	118.24	46.46	57.86	66.55	74.50	46.96	92.92	88.93	44.64	41.55	14.91	6.32	4.25	42.54	34.03	40.97	
51	52.37	36.15	49.03	53.47	40.03	36.52	41.57	35.43	51.70	36.32	7.94	6.61	36.53	35.13	32.33	35.96	
52	188.35	38.54	51.67	58.76	188.35	38.11	46.27	40.37	44.72	31.23	8.89	10.81	7.06	37.55	11.34	7.35	
53	114.64	35.13	47.40	54.18	68.86	35.13	38.23	32.97	46.10	30.12	16.24	12.87	43.32	29.42	37.54	42.26	
54	51.61	33.60	48.05	55.80	37.20	33.32	45.43	38.76	51.04	29.72	47.24	54.39	41.73	30.33	48.38	54.79	
55	116.11	37.03	51.40	61.36	69.72	36.84	86.38	83.02	139.84	35.22	95.26	100.63	135.48	35.49	106.30	110.30	
56	65.68	31.73	30.26	33.60	65.68	31.24	43.32	34.11	88.15	31.67	48.83	55.63	189.93	33.43	75.76	82.86	
57	197.36	33.95	37.95	43.55	33.95	33.84	74.58	64.99	43.41	30.05	90.86	96.01	12.25	30.13	44.61	50.80	
58	10.01	27.87	11.54	10.24	10.20	27.87	42.44	39.69	38.91	25.99	25.24	19.72	38.84	26.82	22.14	17.29	
59	15.66	23.30	14.76	18.69	15.66	24.23	51.14	50.27	17.41	24.81	55.45	58.97	29.84	24.97	29.77	24.48	
60	91.92	19.50	39.95	50.15	91.92	19.26	62.37	61.74	31.34	17.65	33.83	27.82	53.12	19.92	61.17	54.98	
61	37.20	21.99	30.53	38.39	31.18	21.84	32.23	23.31	13.58	17.48	28.24	23.13	11.63	20.30	61.61	68.18	
62	75.24	19.76	41.67	51.33	75.24	20.44	66.36	57.04	66.11	20.29	52.35	48.18	66.11	19.19	99.63	106.67	
63	17.00	15.78	23.93	30.35	17.00	16.00	49.32	46.92	122.61	19.54	43.39	45.01	98.15	17.84	55.27	49.59	
64	120.04	24.22	46.60	58.49	70.13	23.90	67.12	57.57	219.97	19.80	85.24	91.74	64.92	19.62	62.91	60.34	
65	76.32	20.53	7.30	16.14	26.93	20.09	44.37	40.69	54.49	19.28	50.03	54.11	224.11	24.77	106.33	113.26	
66	71.12	27.14	10.73	14.55	71.12	26.59	45.93	42.71	53.13	25.09	50.91	55.93	32.45	29.06	47.77	52.88	
67	48.51	32.33	39.11	43.98	43.32	32.82	27.78	20.37	17.02	29.29	45.95	48.82	25.55	32.96	21.03	16.95	
68	61.91	48.01	56.48	62.68	57.19	48.07	37.99	35.95	60.39	45.90	101.27	104.62	69.00	48.74	98.39	103.40	
69	39.27	46.11	28.07	18.95	36.91	47.00	30.80	28.38	40.21	53.60	41.55	42.21	37.58	54.56	104.01	110.22	
70	39.65	57.88	35.58	25.36	39.65	57.43	43.87	41.97	47.12	61.51	87.09	79.36	75.91	61.05	13.70	18.49	
71	57.97	68.01	49.12	40.14	57.97	68.39	57.77	57.90	58.94	71.54	99.88	93.00	57.22	71.62	95.71	89.48	
72	24.79	71.99	50.95	41.20	24.79	72.52	61.04	60.45	64.64	71.07	27.75	23.03	37.72	71.23	8.74	15.51	
73	17.49	81.72	58.45	48.80	17.49	81.72	46.04	46.26	37.16	81.73	29.59	23.27	48.80	82.30	7.84	9.64	
74	293.46	91.25	68.67	58.28	293.46	90.76	53.03	53.28	293.46	91.75	36.32	29.60	293.46	92.67	78.68	73.80	
75	15.66	91.20	69.66	58.27	46.96	91.76	51.40	51.30	49.45	89.80	34.30	26.32	49.45	90.19	18.25	13.83	
76	69.13	95.91	75.93	65.62	69.13	96.06	54.13	53.55	67.47	99.69	39.44	32.47	59.74	96.24	50.02	55.23	
77	306.77	108.01	131.00	140.89	306.77	107.64	137.77	130.63	14.84	101.51	41.83	32.82	33.47	102.68	29.64	23.44	
78	18.40	99.51	77.05	66.38	18.40	99.11	56.64	56.31	18.40	96.58	37.75	28.80	14.09	98.86	25.15	18.38	
79	18.12	94.03	71.54	60.87	18.12	93.55	51.39	51.00	90.02	93.39	32.66	23.65	40.48	94.09	21.51	17.10	
80	17.59	86.11	65.93	53.56	17.59	86.96	48.00	47.62	26.63	85.16	30.60	21.83	42.30	90.45	18.97	14.96	
81	34.18	85.16	64.36	52.96	34.18	85.28	42.13	42.39	33.74	86.83	24.09	15.88	50.78	87.33	24.94	24.05	
82	29.15	76.13	56.01	44.63	29.15	76.60	34.04	33.21	83.22	79.15	18.18	10.02	29.41	76.99	20.67	21.22	
83	280.00	80.93	104.13	114.21	280.00	81.16	111.30	104.30	44.94	78.79	20.58	13.85	44.94	75.94	17.37	19.21	
84	33.68	71.81	49.99	39.92	33.68	71.43	28.95	28.30	47.79	72.19	12.23	6.01	37.47	68.10	19.53	23.36	
85	34.95	66.57	47.15	36.24	34.95	67.82	24.97	24.00	76.94	68.55	9.74	5.67	74.56	73.53	56.64	52.15	
86	38.35	65.46	45.37	34.56	38.35	65.61	23.53	22.08	75.38	65.51	7.74	7.77	42.46	67.73	24.02	28.19	
87	257.90	60.11	83.27	92.86	60.92	60.70	87.54	80.33	73.41	59.94	7.57	13.95	54.20	58.89	32.71	38.16	
88	72.52	54.35	38.19	35.60	72.52	53.53	68.29	62.91	71.79	51.46	15.03	22.70	69.51	50.55	44.62	49.76	
89	70.61	47.69	64.90	73.57	56.80	47.36	64.41	57.74	26.00	43.11	21.95	28.15	67.97	45.06	36.18	32.01	
90	38.12	33.49	18.62	16.44	38.12	33.75	16.97	14.68	39.12	33.71	14.39	18.86	52.72	37.56	43.70	48.18	
91	52.02	27.46	17.45	21.14	25.38	26.87	26.27	22.75	2.92	29.94	73.20	71.59	13.94	29.34	99.07	102.33	
92	68.63	24.47	24.40	31.91	49.90	23.50	59.12	49.46	31.98	20.65	22.33	22.29	31.98	19.36	30.44	23.98	
93	67.98	21.93	27.87	36.03	48.39	21.55	58.09	48.43	20.90	17.43	36.54	36.56	40.95	16.19	63.94	65.51	
94	38.41	9.34	26.91	35.54	30.10	9.73	55.22	44.69	121.37	7.18	66.41	73.34	74.26	6.60	70.21	72.67	
95	85.18	10.53	32.05	43.40	58.59	10.93	59.62	57.46	65.62	12.25	44.30	44.88	45.68	11.31	70.69	70.56	
96	97.00	9.49	13.60	23.90	47.42	9.99	54.37	43.81	79.63	11.14	41.65	43.34	39.63	11.76	65.11	66.02	
97	47.70	22.64	42.65	53.28	39.39	22.08	59.66	50.12	185.72	14.25	54.53	60.83	13.65	12.37	33.07	25.93	
98	91.60	17.61	5.63	16.18	43.14	17.57	59.27	47.72	32.80	17.37	33.64	35.29	30.96	18.54	62.63	55.52	
99	73.09	29.42	49.32	59.45	54.80	28.51	62.03	52.88	106.46	25.52	41.95	48.88	120.31	25.56	59.20	62.22	
100	82.20	31.04	50.01	57.71	37.11	30.71	63.95	53.06	14.98	29.00	12.82	14.85	21.34	30.20	26.78	21.23	
101	132.31	38.58	59.90	71.76	132.31	38.41	91.48	89.98	168.96	34.84	34.09	40.01	33.47	34.39	21.77	16.94	
102	160.03	43.01	22.36	15.95	160.03	43.27	55.45	49.09	160.03	43.48	26.05	31.46	42.06	43.20	15.56	13.72	
103	152.09	51.87	30.87	23.27	152.09	52.13	60.53	55.23	152.09	52.33	17.57	22.62	50.92	51.86	15.94	18.18	
104	143.59	59.81	37.98	29.35	143.59	60.11	63.22	59.14	143.59	60.32	12.95	15.70	143.59	59.65	29.16	35.93	
105	135.76	68.35	46.42	37.55	135.76	68.65	69.21	65.97	135.76	68.86	10.25	8.65	49.24	65.96	20.78	25.71	
106	72.35	72.88	64.36	63.48	72.35	73.12	126.40	123.76	130.82	72.90	14.31	9.95	49.52	71.01	18.09	22.08	
107	127.65	75.19	52.65	43.26	127.65	75.54	71.18	69.09	127.65	75.76	16.87	11.45	39.54	70.93	17.89	21.81	
108	27.99	76.32	53.67	43.11	27.99	76.69	70.91	67.27	44.70	76.14	18.27	11.88	124.11	76.92	16.76	20.82	
109	180.00	85.18	108.15	118.95	180.00	85.57	134.83	134.60	99.79	77.38	24.06	20.71	81.23	77.33	65.28	61.92	
110	119.16	83.18	60.39	50.76	119.16	83.56	75.68	74.56	39.82	79.88	21.86	14.40	49.25	81.25	9.57	10.19	
111	117.04	85.20	62.35	52.69	117.04	85.58	76.92	76.01	117.04	85.80	25.91	19.00	49.43	84.48	12.08	11.53	
112	22.77	77.11	56.67	44.18	22.77	77.94	70.51	65.74	37.90	81.55	22.72	14.93	48.34	84.05	13.68	13.22	
113	118.87	82.76	59.81	50.08	118.87	83.16	73.87	73.01	118.87	83.39	25.51	19.05	53.26	80.53	11.99	15.57	
114	176.44	81.72	103.64	115.57	176.44	81.64	131.73	130.64	45.76	74.76	19.02	13.36	38.40	73.22	14.76	18.87	
115	126.67	75.13	52.31	42.69	126.67	75.52	68.96	67.27	126.67	75.74	19.80	14.76	60.96	72.93	16.90	21.82	
116	128.55	72.71	49.75	40.05	72.71	73.66	66.03	64.09	128.55	73.33	20.52	16.40	128.55	72.72	14.04	20.33	
117	137.38	63.20	40.10	30.31	63.20	64.17	57.61	54.85	137.38	63.86	21.76	20.95	111.20	64.42	118.23	121.90	
118	144.11	55.92	32.59	22.60	144.11	56.41	48.87	46.11	144.11	56.64	28.25	29.00	69.56	55.11	26.24	33.34	
119	155.72	60.23	83.50	94.28	105.73	60.66	105.88	103.61	48.62	55.33	29.39	28.13	11.88	53.55	22.74	27.83	
120	52.16	47.02	23.82	13.74	52.16	46.58	36.46	31.47	151.86	46.98	38.20	40.69	48.09	47.77	30.82	35.52	
121	160.86	40.46	18.51	11.02	160.86	41.11	32.40	27.51	86.03	38.78	44.57	48.19	94.67	38.32	45.72	52.87	
122	13.57	32.39	16.18	14.11	15.21	33.32	47.85	46.79	75.70	34.10	58.60	53.38	122.91	35.74	84.15	90.87	
123	34.79	30.86	32.31	36.77	30.70	30.41	71.24	69.95	30.01	27.75	47.34	41.08	59.27	28.96	45.29	40.70	
124	186.49	28.61	25.66	30.38	28.61	29.40	18.12	7.51	186.49	29.61	70.97	74.65	63.28	30.18	44.64	40.45	
125	194.59	31.38	34.14	39.70	31.38	32.16	20.57	13.26	72.92	30.43	79.37	83.47	83.70	31.22	79.27	84.89	
126	70.71	29.31	34.83	38.24	70.71	28.31	29.31	20.06	201.30	32.38	85.83	89.87	32.20	32.23	58.31	51.91	
127	55.01	32.35	35.53	39.64	33.13	33.22	33.33	30.82	41.93	36.22	34.39	37.43	26.80	34.08	11.60	5.69	
128	47.33	39.93	38.74	40.25	47.33	39.93	30.23	30.06	74.50	39.16	7.02	2.60	24.61	42.53	23.91	28.24	
129	41.46	47.61	43.67	43.58	24.30	47.99	24.96	24.83	63.79	48.42	41.53	49.09	24.44	48.67	19.92	23.28	
130	231.15	55.59	70.01	77.30	56.13	56.40	55.51	52.29	24.55	52.86	15.53	17.04	78.58	58.00	117.99	116.78	
131	90.95	59.28	79.14	88.56	90.95	59.40	89.13	80.82	56.93	57.02	11.65	15.56	92.01	57.96	15.10	16.03	
132	37.85	52.39	47.47	45.61	37.85	52.76	25.60	24.52	18.19	53.45	18.24	20.27	54.00	58.58	27.47	33.63	
133	58.41	50.84	50.13	51.46	58.41	51.27	35.81	35.45	55.03	55.93	18.51	14.52	30.68	54.41	19.03	25.69	
134	45.44	53.63	60.63	63.03	11.60	54.20	36.87	35.18	22.90	51.46	24.11	16.16	13.58	52.07	30.14	37.01	
135	73.89	57.45	65.67	70.40	73.89	57.91	60.08	59.47	57.73	60.36	67.63	71.57	50.29	58.69	90.70	88.98	
136	132.15	66.41	76.63	84.72	90.13	65.31	72.30	73.40	145.14	63.67	86.85	95.10	161.82	64.11	108.98	112.20	
137	181.59	61.39	73.56	81.83	181.59	62.30	108.58	98.15	118.06	61.65	88.61	90.60	181.59	61.65	39.40	38.74	
138	73.29	54.06	68.09	75.44	73.29	54.51	72.94	71.99	45.47	53.79	50.64	42.70	15.69	55.98	49.63	43.74	
139	48.66	50.11	63.58	71.56	48.66	50.51	70.52	68.40	68.24	47.71	49.19	41.39	88.90	49.32	63.54	69.22	
140	19.16	37.59	30.97	30.67	19.16	38.36	12.11	2.16	104.25	39.13	47.10	40.36	110.40	41.45	63.94	71.56	
141	128.62	42.76	58.69	68.55	128.62	43.58	91.05	81.15	20.51	40.53	62.75	61.94	0.71	39.57	38.47	32.63	
142	23.42	34.89	23.28	21.91	23.42	34.89	16.55	7.95	174.27	40.27	65.88	69.75	154.62	41.30	94.46	97.04	
143	169.49	38.58	23.33	21.75	169.49	39.37	18.64	12.98	26.16	38.45	55.12	56.00	169.49	39.49	54.79	61.51	
144	164.47	38.44	19.20	15.90	164.47	38.18	23.60	17.45	55.75	39.01	98.66	106.65	99.07	42.73	84.11	89.52	
145	39.32	42.76	50.61	56.26	39.32	43.33	36.00	32.23	38.58	45.26	71.02	65.06	64.25	46.25	69.25	64.14	
146	51.64	53.33	74.88	85.15	51.64	53.41	99.38	98.48	28.76	49.83	78.32	73.23	32.47	51.66	102.25	108.19	
147	58.34	59.27	66.22	71.00	58.34	58.86	42.14	41.03	56.71	58.78	97.73	97.18	53.81	58.17	8.12	12.81	
148	139.95	74.54	96.66	107.99	139.95	75.08	118.20	117.30	130.64	72.44	132.85	140.25	51.41	71.66	90.72	85.72	
149	142.64	76.78	98.25	109.82	142.64	76.81	122.04	121.25	151.32	77.60	135.54	141.65	144.63	78.14	140.31	141.24	
150	107.69	76.45	53.29	43.57	78.85	76.45	112.43	102.52	96.83	79.59	117.52	115.97	104.86	78.65	95.97	100.28	
151	15.95	81.50	58.50	47.20	15.95	80.98	47.21	47.10	37.98	78.11	31.41	24.39	115.04	84.87	5.57	5.74	
152	91.42	92.32	67.76	58.28	91.42	91.83	77.54	77.93	102.69	92.79	156.27	163.24	22.60	89.23	21.43	22.93	
153	105.72	96.21	73.20	63.41	105.72	96.61	84.61	84.71	134.94	98.36	76.52	84.08	87.18	97.05	87.87	86.83	
154	139.18	101.74	94.69	93.41	139.18	101.33	133.20	125.92	22.20	96.68	37.11	27.84	123.75	100.32	20.41	14.11	
155	17.20	103.59	80.22	69.43	17.20	103.59	90.61	89.14	51.66	103.51	44.80	37.27	51.66	102.78	85.71	80.62	
156	90.95	111.85	88.85	79.05	90.95	112.25	98.54	99.35	113.32	111.97	89.77	96.99	110.97	111.87	101.19	99.93	
157	118.12	113.96	91.32	80.92	118.12	114.01	144.70	135.69	87.71	115.06	53.33	45.90	72.54	113.16	60.96	66.70	
158	13.09	104.71	82.77	70.34	13.09	105.54	87.01	85.64	14.08	105.05	50.66	40.85	110.66	111.66	61.50	68.94	
159	91.83	108.23	84.90	74.91	91.83	108.72	88.91	90.96	91.83	108.95	53.12	46.00	91.83	108.40	26.42	18.98	
160	100.73	104.58	100.23	100.65	100.73	104.58	143.41	136.08	95.51	105.25	51.83	44.95	67.88	103.74	22.43	16.19	
161	201.81	106.64	128.80	140.66	201.81	106.66	152.29	151.62	98.23	102.58	50.50	43.80	98.23	102.07	20.24	12.76	
162	100.82	99.63	76.36	66.41	100.82	100.17	76.91	79.53	100.82	100.41	51.50	45.16	100.82	99.92	19.13	12.28	
163	110.29	90.58	67.41	57.52	110.29	91.15	67.43	69.89	110.29	91.39	47.30	41.82	110.29	90.92	13.11	9.66	
164	177.47	82.70	105.70	116.32	177.47	83.14	124.83	124.99	123.92	79.06	45.51	41.89	123.92	78.64	15.86	19.13	
165	176.12	83.28	104.78	116.10	176.12	82.30	122.85	123.02	194.98	83.45	138.80	147.66	126.80	78.26	22.66	25.51	
166	38.00	70.91	48.66	39.41	38.00	70.91	39.82	41.53	132.38	74.17	52.19	49.80	132.38	73.84	25.19	27.38	
167	65.51	67.13	69.24	73.63	65.51	67.63	110.36	110.00	138.75	66.43	48.15	46.79	138.75	66.09	27.87	33.17	
168	53.28	49.73	28.73	20.80	53.28	50.44	28.31	25.18	33.19	51.59	39.94	37.37	46.70	52.65	35.66	40.06	
169	45.40	47.24	49.53	54.75	45.40	46.76	93.04	92.37	134.08	42.88	47.35	50.74	138.98	42.83	42.31	49.88	
170	60.73	41.12	20.35	15.19	60.73	41.12	25.54	19.39	79.55	42.59	63.53	57.33	87.57	43.46	65.58	62.34	
171	37.03	31.68	13.53	9.81	37.03	31.68	28.58	21.28	79.12	35.74	63.09	57.67	129.41	38.74	87.56	94.32	
172	32.80	25.05	27.87	34.31	32.80	24.32	67.31	66.61	37.34	24.43	53.83	50.95	17.72	24.92	33.81	26.80	
173	84.31	13.68	25.83	32.95	84.31	14.51	37.17	27.36	105.99	12.73	62.83	69.42	98.76	13.94	61.22	66.96	
174	94.40	16.58	34.98	43.51	94.40	16.05	60.90	50.51	105.74	14.35	29.02	28.31	39.59	14.20	76.97	84.00	
175	212.17	17.26	37.32	46.86	212.17	17.43	50.29	40.72	104.85	14.78	28.03	29.29	50.93	16.23	50.16	52.21	
176	112.19	18.95	41.04	50.93	112.19	18.86	50.37	41.65	58.50	17.92	58.69	54.64	216.81	18.72	99.58	106.28	
177	216.52	16.77	39.95	49.92	16.77	15.84	56.66	46.79	216.52	17.12	56.18	52.98	17.67	17.20	68.41	65.46	
178	84.11	10.31	12.21	23.81	84.11	11.16	43.87	42.46	105.00	12.56	53.90	60.32	96.77	11.74	66.94	74.39	
179	72.71	23.66	1.79	9.97	72.71	23.70	36.23	34.54	227.30	26.63	94.32	100.64	227.30	27.21	109.15	116.64	
180	229.71	29.77	53.07	63.07	229.71	29.23	73.37	63.61	229.71	29.00	95.65	102.12	47.66	28.54	52.57	47.53	
181	237.93	38.62	61.64	71.57	38.62	37.57	80.03	69.66	40.78	34.51	39.01	40.13	28.69	37.91	68.22	63.14	
182	256.91	57.28	80.47	90.44	256.91	56.70	99.20	89.89	256.91	56.46	120.85	127.65	64.00	53.24	27.67	34.73	
183	265.68	65.52	89.78	99.48	265.68	65.43	108.37	99.73	110.46	68.45	115.16	117.53	265.68	66.67	148.56	155.19	
184	29.15	63.84	42.70	30.94	29.15	64.44	44.66	41.71	271.90	69.80	34.96	30.07	271.90	70.07	96.48	92.14	
185	58.15	65.84	46.69	37.35	51.50	66.09	49.90	50.01	54.66	66.43	36.80	34.01	18.76	69.64	13.91	20.36	
186	85.12	68.54	74.63	76.96	81.18	68.87	47.20	47.99	51.49	68.20	37.31	33.47	58.19	69.97	23.91	30.44	
187	70.02	62.72	63.20	65.25	70.02	63.15	47.40	45.45	70.71	67.40	62.54	68.54	70.71	65.74	16.09	21.27	
188	35.20	55.91	38.72	29.31	43.28	56.43	42.72	42.64	74.52	62.29	40.90	41.11	35.17	60.94	17.66	24.05	
189	41.74	45.72	29.04	20.55	16.51	47.20	29.71	28.60	17.73	45.87	36.06	35.16	13.21	48.95	26.07	32.31	
190	258.82	63.06	85.80	95.46	258.82	63.22	102.59	100.91	20.72	57.15	36.05	28.83	37.17	57.18	32.95	38.01	
191	60.60	53.50	54.43	53.70	60.60	54.11	22.57	24.90	29.12	49.17	43.31	40.86	31.75	50.36	10.94	6.16	
192	69.76	52.52	48.45	48.47	38.03	52.95	10.82	16.99	41.52	47.21	46.07	38.51	24.04	49.70	51.37	55.75	
193	88.25	38.66	28.28	23.68	48.15	39.27	12.96	12.18	61.06	39.64	71.96	72.00	28.69	38.61	48.06	43.72	
194	96.70	40.44	42.21	47.41	96.70	40.20	80.20	78.18	24.55	41.00	80.87	81.78	24.27	35.65	52.33	58.22	
195	105.76	41.75	24.33	16.03	105.76	41.40	86.78	84.68	39.20	39.47	46.72	48.46	23.90	41.25	42.71	47.74	
196	111.70	44.27	64.22	74.89	68.02	43.34	89.08	86.62	39.26	37.66	41.89	44.52	28.31	36.46	43.73	50.78	
197	9.30	37.61	18.78	9.00	16.64	37.12	38.80	33.83	83.93	35.47	55.38	62.61	58.18	38.06	39.12	44.48	
198	39.91	32.56	11.67	1.38	39.91	33.41	32.61	29.92	6.80	28.80	34.34	37.67	5.30	33.64	35.59	39.83	
199	55.63	37.69	38.99	41.58	55.63	38.64	34.16	33.22	8.21	34.50	13.07	5.87	14.94	35.08	30.96	35.52	
200	48.81	46.54	57.84	64.31	39.78	47.02	44.78	41.74	33.77	43.31	13.52	6.72	38.81	43.31	16.47	20.96	
201	54.28	52.20	32.12	23.05	54.28	52.25	30.58	30.96	55.63	51.82	40.01	45.28	35.71	46.22	29.52	36.67	
202	42.78	48.31	43.18	41.10	42.78	49.24	47.62	39.86	64.86	47.55	23.44	26.32	64.86	53.02	5.54	10.35	
203	182.98	59.76	54.10	53.54	182.98	59.85	56.90	52.82	30.50	53.19	14.01	13.46	117.87	59.23	118.80	123.58	
204	143.07	67.12	79.86	87.14	143.07	66.59	65.71	64.48	101.98	65.87	47.13	54.83	59.76	65.31	127.13	134.03	
205	64.86	61.28	73.04	78.04	64.86	60.82	61.32	57.44	57.88	57.71	39.67	44.81	27.30	54.22	22.95	29.23	
206	43.23	53.11	49.35	49.18	43.23	53.53	48.42	43.21	65.97	52.62	46.58	53.32	60.10	49.42	23.45	30.98	
207	44.42	46.52	45.60	45.71	44.42	46.49	37.50	30.69	68.95	51.89	54.22	61.03	65.07	50.99	27.10	34.85	
208	203.57	51.79	55.52	59.89	51.79	51.57	92.27	82.97	203.57	49.39	63.83	71.04	83.44	46.98	36.75	44.91	
209	72.50	46.74	56.21	61.98	72.50	46.50	56.05	55.48	95.48	44.60	73.15	80.17	24.14	43.28	47.17	54.17	
210	223.63	41.96	39.11	39.23	45.30	42.31	9.48	10.72	62.45	40.79	77.23	79.13	70.15	40.98	72.41	76.42	
211	15.07	38.22	32.16	32.83	5.22	38.53	3.84	7.91	40.63	42.55	46.15	38.17	28.31	40.28	61.90	67.47	
212	14.15	45.45	33.00	30.65	10.97	45.35	7.78	10.88	78.01	47.13	60.29	53.30	78.01	46.94	50.74	46.65	
213	44.78	36.58	24.53	23.11	44.78	36.91	11.04	9.07	45.07	41.63	78.68	81.23	45.07	39.51	54.46	50.57	
214	26.42	47.47	31.58	23.52	26.42	47.64	25.91	26.56	52.02	48.58	92.43	94.51	58.57	46.58	89.29	95.33	
215	267.29	65.40	43.01	32.12	267.29	64.82	44.87	43.98	14.22	63.95	31.70	27.53	21.46	63.05	16.26	21.90	
216	143.75	81.70	60.42	51.36	143.75	81.70	66.11	68.20	65.06	80.57	110.75	105.76	102.88	82.42	129.27	134.95	
217	158.83	88.69	110.29	120.93	158.83	88.46	83.47	85.10	81.13	85.56	119.42	114.08	106.98	83.98	143.70	148.72	
218	71.04	97.09	77.90	67.98	78.72	97.53	51.89	52.77	99.81	98.96	36.85	30.20	100.30	101.19	141.37	137.56	
219	311.15	115.19	138.16	147.63	116.00	115.60	136.73	130.93	120.80	116.21	183.40	190.14	96.65	114.68	76.10	70.06	
220	308.21	113.81	95.69	88.04	115.03	114.41	115.53	113.75	308.21	114.11	47.79	41.47	308.21	113.09	71.86	65.42	
221	41.50	112.77	92.62	83.45	41.50	113.17	62.36	63.18	223.34	117.82	184.55	190.95	309.33	116.78	194.47	200.86	
222	30.76	96.74	78.28	67.64	52.95	97.46	48.26	49.61	62.40	101.21	37.76	33.49	104.83	103.14	63.33	57.26	
223	45.12	89.09	72.33	61.87	45.12	89.99	39.70	39.79	61.19	96.19	32.66	29.50	28.20	94.08	32.33	25.94	
224	41.38	87.89	69.10	62.16	41.38	88.21	92.42	88.42	43.73	80.29	18.85	12.91	25.54	85.52	51.79	46.23	
225	40.52	75.55	90.62	97.01	40.52	74.98	78.39	74.00	50.91	71.54	32.14	35.02	37.31	68.84	27.07	29.97	
226	51.91	51.98	66.24	73.44	51.91	51.63	58.82	52.54	18.17	46.53	31.94	38.02	83.21	47.81	24.98	27.58	
227	50.35	42.78	20.85	10.51	50.35	42.76	32.61	32.79	75.13	42.90	30.95	34.65	246.20	46.62	104.98	110.38	
228	35.71	35.42	58.53	68.82	35.71	34.95	82.74	79.49	36.43	36.24	39.44	43.23	36.43	35.06	87.22	80.84	
229	79.41	22.83	28.42	34.90	79.41	22.83	29.96	19.42	122.86	22.28	86.57	93.67	20.67	20.86	79.16	85.03	
230	52.14	25.32	42.50	51.91	44.50	25.68	75.36	64.72	135.17	25.01	68.78	73.70	22.38	19.85	68.89	75.91	
231	35.26	23.81	30.72	35.89	35.26	23.81	28.88	20.42	99.59	23.46	70.22	78.96	60.67	23.75	56.25	60.77	
232	39.82	27.49	9.83	2.03	39.82	27.49	34.81	26.91	90.07	27.91	23.03	19.02	57.34	31.37	44.05	50.09	
233	46.72	44.74	56.10	63.96	46.72	43.67	48.99	45.41	79.05	40.68	51.33	58.70	73.41	37.09	35.83	42.91	
234	42.15	50.04	43.67	40.90	12.09	51.31	48.69	42.77	63.38	52.61	12.94	10.91	29.36	50.16	18.76	24.29	
235	70.72	66.30	78.75	83.61	70.72	66.74	66.44	62.57	51.45	67.01	41.54	46.71	43.44	64.58	5.74	13.47	
236	151.31	76.77	91.30	99.65	151.31	76.89	127.71	126.68	176.56	74.92	45.22	51.10	49.43	72.60	78.32	80.85	
237	174.00	74.00	65.17	63.67	174.00	73.69	104.06	96.52	174.00	73.77	42.23	48.10	18.82	70.30	4.49	2.66	
238	57.26	59.02	70.57	76.74	57.26	58.47	55.43	54.20	62.62	55.60	47.31	53.02	73.49	57.16	17.54	23.28	
239	193.10	55.21	54.04	56.56	193.10	54.70	94.89	85.84	49.82	52.14	53.22	60.29	80.20	53.03	111.36	118.55	
240	119.05	49.83	59.19	66.52	119.05	49.82	44.99	43.87	198.58	47.60	36.10	37.96	83.37	45.70	34.22	41.41	
241	63.41	42.40	51.81	57.50	63.41	41.88	19.59	15.29	89.54	41.01	70.41	77.97	18.53	41.99	48.50	55.54	
242	40.31	38.29	36.05	39.78	40.31	38.29	69.60	66.07	77.30	37.54	74.63	77.38	47.52	36.91	71.44	77.77	
243	74.56	43.79	32.92	30.43	74.56	43.91	6.29	9.00	61.78	43.67	55.64	48.88	78.38	44.61	71.42	76.77	
244	20.88	53.58	37.80	31.15	24.41	53.41	20.02	24.65	32.56	52.20	58.22	58.53	49.67	52.83	46.15	51.30	
245	36.22	63.76	43.30	34.93	36.22	63.76	36.21	38.77	263.42	66.56	124.95	131.79	73.05	61.31	30.90	36.86	
246	91.16	80.44	87.01	90.43	91.16	81.39	55.16	57.65	45.47	78.98	48.22	45.36	112.25	81.87	92.37	89.81	
247	73.02	91.24	71.20	61.83	73.02	90.83	73.75	75.57	21.05	93.21	45.57	39.11	27.99	91.20	12.51	5.99	
248	305.31	104.83	128.37	138.65	305.31	104.85	140.31	132.71	86.51	101.22	47.90	40.35	115.03	104.77	152.29	157.59	
249	313.03	111.37	90.54	80.83	313.03	111.43	97.74	98.88	313.03	113.29	145.34	139.39	313.03	114.68	163.98	169.15	
250	22.85	108.90	87.43	76.01	22.85	108.99	65.47	65.47	102.40	110.99	48.69	41.01	102.59	110.14	34.47	27.34	
251	305.92	107.44	130.49	140.58	108.00	107.69	135.03	127.99	207.28	109.25	174.85	182.30	305.92	108.53	189.28	195.92	
252	21.91	97.82	75.59	65.06	21.91	97.42	53.37	53.17	300.00	101.03	169.13	175.48	300.00	101.68	182.46	189.84	
253	186.66	89.72	111.84	123.38	186.66	89.16	138.31	136.41	33.87	86.06	27.36	19.63	77.04	88.20	170.40	177.81	
254	16.62	79.04	56.92	44.96	16.62	79.07	46.67	45.07	283.61	82.93	149.11	155.79	283.61	83.50	165.47	172.96	
255	28.81	67.45	44.52	33.53	28.81	67.44	39.64	38.53	117.59	71.61	134.39	140.77	5.85	68.19	17.49	22.83	
256	58.69	54.73	32.84	23.48	58.69	55.15	42.87	41.91	59.40	55.95	27.48	23.18	59.40	56.45	11.13	17.09	
257	49.11	45.56	51.07	56.23	49.11	45.56	45.38	43.35	20.83	47.62	27.56	21.38	23.50	43.15	12.07	11.54	
258	31.47	39.14	44.15	47.92	22.14	39.14	24.55	22.28	37.50	40.05	42.46	43.21	30.10	36.71	39.85	44.99	
259	27.46	25.65	17.52	20.26	27.46	25.96	22.33	13.31	27.66	22.62	34.47	28.49	10.04	22.87	47.90	45.21	
260	25.71	23.83	27.09	34.66	25.71	23.14	27.09	18.23	54.12	22.26	36.15	30.17	102.11	18.13	64.58	70.82	
261	42.71	21.87	32.71	38.33	26.16	22.82	34.86	25.68	96.51	24.63	58.83	66.39	27.72	27.49	55.12	48.32	
262	184.97	32.79	29.33	32.59	35.39	33.68	25.37	22.22	75.80	28.71	44.55	51.79	25.66	30.71	35.37	37.85	
263	61.44	42.83	30.96	28.10	21.10	43.79	58.05	49.50	79.96	43.29	31.20	38.14	53.54	40.85	34.52	39.36	
264	164.08	55.88	42.15	39.16	164.08	55.79	79.44	72.41	164.08	54.45	24.88	33.17	51.91	50.55	54.62	59.21	
265	40.33	59.01	44.58	38.95	44.78	58.95	77.76	70.46	9.34	55.52	12.79	20.28	9.34	57.54	29.91	26.60	
266	153.40	67.03	50.91	45.94	153.40	67.01	85.02	79.08	73.78	64.87	17.78	24.94	40.05	65.15	49.39	53.10	
267	158.95	69.15	88.80	99.76	158.95	68.90	122.22	121.07	149.62	64.93	10.88	17.15	41.69	63.76	43.57	47.12	
268	153.59	59.59	41.85	34.54	153.59	59.34	79.16	72.10	153.59	60.79	12.96	20.34	46.60	58.77	44.49	48.34	
269	60.44	58.02	42.34	35.01	60.44	58.62	6.08	6.43	72.80	60.63	14.49	22.81	101.47	62.92	139.20	146.63	
270	64.29	61.66	43.84	36.71	64.29	61.40	80.91	73.17	152.75	59.82	25.25	32.04	44.05	58.12	45.49	49.69	
